*********Egremont A595 roundabout (south)***********
 5200    2    1                              *A595
      5201    0
      5204    2   48   40 3900  1 2
 5201    4    1                              *A595
      5200    2   48   25 3900  1 2 1880  2 2 1880  2 2
      5208*  F1   48  470 1100G 1 1 1100G 1 1
                                           15 FF  2.00
      5215    0
      5210    0
 5204    3    1
      5210    2   48   25 1880  1 1 3900  1 2
      5293*   2   48 1119 2500G 1 2
                                           14
      5200    0
 5208    2    1
      5290*   1   87  600 1800  1 1
                                           15
      5201*   2   87  470 2658  1 2
             87   58 2658   S       1.99   15
*Updated existing node
 5210    3    1                              *A595 Egremont South Roundabout
      5201    2   48   40    0  0 0 3900  1 2
      5215    1   48   25 1100G 1 1
      5204    0
*Updated existing node
 5215    3    3    1        60
      5280    1   35  118 2000  1 1
      5210    0
      5201    1   48   25 2000F 1 1
             55    5    4 2799    0 2660    0
*Updated existing node
 5280    2    1
      5215    1   35  118 1800  1 1
      5240    1   35  707 1800  1 1
*Updated existing node
 5290    3    1
      5208*  1F   80  600 1800  1 1  750X 1 1
                                           15 FX 10.00
      5330*   1   80 1030 1600  1 1 1800  1 1
                                           15
      5291*  F1   25  152  750G 1 1  600G 1 1
                                              FF  4.00
*
*
*********Egremont A595 roundabout (middle)***********
 5191    1    0
      5190    1   30  175
 5255    2    1
      5296    1   35  218 1800  1 1
      5250    1   30  118 1800  1 1
 5293    3    1
      5204*   1   48 1119 1110G 1 1
                                           14
      5296    0
      5190    2   30   25 1880  1 1 1880  2 2
 5296    3    1
      5293    2   80   25 1880  1 1 3900  1 2
      5255    1   30  218 1100G 1 1
      5299    0
 5299    3    1
      5296    2   80   25 1880  1 1 1880  2 2
      5357*   1   30  595 1620G 1 1
                                           15
      5190    0
 5190    3    1
      5191    1   30  175 1100G 1 1
      5293    0
      5299    2   30   25 1880  1 1 3900  1 2
*
*
*********Egremont A595 roundabout (north)***********
 5357    3    1
      5299*   1   48  595 1620G 1 1
                                           15
      5360    0
      5180    2   30   30 1880  1 1 1880  2 2
 5360    3    1
      5357    2   30   30 1880  1 1 3900  1 2
      5182    1   30  395 1620G 1 1
      5363    0
 5363    3    1
      5360    2   80   30 3900  1 2 1880  2 2
      5174*   1   30  646 1620G 1 1
                                           15
      5180    0
 5180    3    1
      5185*   1   30  165 1620G 1 1
                                           16
      5357    0
      5363    2   30   30 1880  1 1 3900  1 2
*Updated existing node
 5182    2    1
      5360    1   30  395 1500  1 1
      5184    1   30  407 1500  1 1
*Updated existing node
 5185    2    1
      5130*   1   75 1334 2000  1 1
                                           16
      5180*   1   50  165 2000  1 1
                                           16
*Updated existing node
 5174    2    1                              *Egremont North
      5363*   2   85  646 3600  1 2
             87   53 2656   S       1.99   15
      5172*   1   80  391 1800  1 1
                                           16
*
*
*Hensingham roundabout
 2797    3    1
      2690*   1   48  119 1110G 1 1
                                           31
      2801    0
      2680    1   30   20 1880  1 1 1880  1 1
 2801    3    1
      2670*   1   30  901 1110G 1 1
                                           31
      2803    0
      2797    1   30   60 1880  1 1 1880  1 1
 2803    3    1
      2801    1   80   20 1880  1 1 1880  1 1
      2870    1   30  348 1110G 1 1
      2680    0
 2680    3    1
      2875    1   30  132 1110G 1 1
      2797    0
      2803    1   30   20 1880  1 1 1880  1 1
*Updated existing node
 2670    3    3    2        72               *A595 Hensingham/Ribton Moor C
      2660*   2   50  175 1200F 1 1 1800  2 2
                                           31
      2850*  F1   35  365 1500  1 1 1500  1 1
                                           34 FF  7.00
      2801*   2   60  901 1800  1 1 1400X 2 2
                                           31 TX  1.00
       35<42<50    6    4 2801    0 2660    0
       15<17<25    7    2 2850    0
*Updated existing node
 2690    3    1             90               *A595/Meadow Road
      2710*   1   55  212 1500  1 1 1800  1 1
                                           31
      2345*  F1   35  242  750G 1 1  600G 1 1
                                              FF  3.00
      2797*  1F   55  119 1800  1 1  750X 1 1
                                           31 FX  7.00
*Updated existing node
 2870    3    1
      2850*   1   35  329 1500  1 1 1800  1 1
                                           34
      2872    1   25   84  600G 1 1  500G 1 1
      2803*   1   35  348 1500  1 1  650X 1 1
                                           34
*Updated existing node
 2875    3    1
      2874    1   25  254  600G 1 1  500G 1 1
      2880    1   35  203 1800  1 1  650X 1 1
      2680    1   35  132 1500  1 1 1800  1 1
*
*
*Howgate roundabout
 2542    3    1
      1885*   2  112 3964 2500G 1 2
                                           11
      2543    0
      2550    2   30   25    0  0 0 3900  1 2
 2543    3    1
      2542    2   30   25 1880  1 1 3900  1 2
      2920*   1   30 2229 1110G 1 1
                                           31
      2545    0
 2545    3    1
      2560*   1   64  380 1620G 1 1
                                           17
      2550    0
      2543    2   30   60 3900  1 2 1880  2 2
 2550    3    1
      2545    2   30   60 3900  1 2 1880  2 2
      1886    0
      2542    0
*Updated existing node
 2560    3    1                              *A595/Lowca Road
      2565*   1   60  114 1500  1 1 1800  1 1
                                           17
      2910*  1F   55  575  650G 1 1  500G 1 1
                                              FX  5.00
      2545*  F1   60  380 1800  1 1  650X 1 1
                                           17 FF  1.00
*Updated existing node
 2920    3    1                              *Common End
      2922*   1   55  488 1500  1 1 1800  1 1
                                           31
      2935*   1   65 2922  650G 1 1  500G 1 1
                                           21
      2543*   1   55 2229 1800  1 1  650X 1 1
                                           31
*
*
*Lilyhall roundabout (west)
 1885    3    1
      1886    0
      1893    2   30   15 3970  1 2 1880  2 2
      2542    0
 1886    3    1
      2550*   2  112 3964 2500G 1 2
                                           11
      1889    0
      1885    2   30   20    0  0 0 3970  1 2
 1889    3    1
      1795    2   30  459 2500G 1 2
      1890    0
      1886    2   30   30 1880  1 1 3900  1 2
 1890    3    1
      1889    2   30   20 3900  1 2 1880  2 2
      1785    0
      1891    0
 1891    3    1
      1785*   2   80   65 2500G 1 2
                                           12
      1892    0
      1890    2   30   20    0  0 0 3900  1 2
 1892    3    1
      1891    2   30   55 1880  1 1 3970  1 2
      1790    0
      1893    0
 1893    3    1
      1892    2   30   20    0  0 0 3970  1 2
      1790    2   30   20 1620G 1 2
      1885    0
 1790    3    1
      2928*   1   55  413 2000  1 1
                                           31
      1893    0
      1892    1   30   20 2000  1 1
 1795    3    1                              *A597/Hallwood Rd/College
      1796*  F1   25  319  750G 1 1  600G 1 1
                                              FF  5.00
      1889*  1F   55  459 1800  1 1  750X 1 1
                                              FX 10.00 
      1840    1   55  425 1500  1 1 1800  1 1
 1785    4    3    1        90               *A595 Lillyhall Pelican West
      1890*   2   40   65 3600  1 2
                                           12
      1797    0
      1800*   2   70  750 3600  1 2
                                           12
      1891    0
             70   20    4 1890 1801 1801 1891
 2928    3    1                              *Distington
      2926*  F1   35  374  750G 1 1  600G 1 1
                                              FF  3.00
      1790*  1F   55  413 1800  1 1  750X 1 1
                                           31 FX  6.00
      2922*   1   55  855 1500  1 1 1800  1 1
                                           31
*
*
*Lilyhall roundabout (middle)
 1800    3    1
      1785    0
      1797    0
      1799    2   30   40 3900  1 2 1880  2 2
 1802    3    1
      1690*   1   80  503 2000  1 1
                                           19
      1798    0
      1797    1   30   25 2000  1 1
 1798    4    1
      1797    2   80   35    0  0 0 3900  1 2 1880  2 2
      1802    2   30   25 1250G 1 1 1250G 2 2
      1780    0
      1799    0
 1797    4    1
      1802    0
      1798    0
      1800    2   30   35    0  0 0 1880  1 1 3900  1 2
      1785*   2   35  750 1250G 1 1 2500G 1 2
                                           12
 1799    3    1
      1780    2   30   25 2500G 1 2
      1800    0
      1798    2   30   25    0  0 0 3900  1 2
 1780    3    1
      1799    0
      1798    2   30   25 3970  1 2
      1770*   1   30  355 1880  1 1
                                           16
 1690    3    1                              *Lillyhall Ind Estate Access
      1675*  F1   35  110  750G 1 1  600G 1 1
                                              FF  2.00
*JS JT Validation increase speed
      1802*  1F   80  503 2000  1 1  750X 1 1
                                           19 FX  6.00
*JS JT Validation increase speed
      1665*   1   95  881 1600  1 1 2000  1 1
                                           19
 1770    3    1                              *A595/Joseph Noble Road
      1758*   1   82  635 1600  1 1 2000  1 1
                                           16
      1766*  F1   35  362  750G 1 1  600G 1 1
                                              FF  4.00
      1780*   1   70  355 2000  1 1  750X 1 1
                                           16
*
*
*Lilyhall roundabout (east)
 1753    4    1
      1757    2   30   25 1250G 1 1 1250G 2 2
      1758    0
      1754    0
      1756    2   30   25    0  0 0 1880  1 1 1880  2 2
 1754    4    1
      1753    2   30   25    0  0 0 1880  1 1 1880  2 2
      1758    2   30   25 1250G 1 1 1250G 2 2
      1759    0
      1755    0
 1755    4    1
      1754    2   30   25    0  0 0 1880  1 1 1880  2 2
      1759    2   30   25 1250G 1 1 1250G 2 2
      1760    0
      1756    0
 1756    4    1
      1755    2   30   25    0  0 0 1880  1 1 1880  2 2
      1760    2   30   25 1250G 1 1 1250G 2 2
      1757    0
      1753    0
 1757    3    1
      1762*   1   82  218 2000  1 1
                                           16
      1753    0
      1756    1   30   25 2000  1 1
 1758    3    1
      1770*   1   82  635 2000  1 1
                                           16
      1754    0
      1753    1   30   25 2000  1 1
 1759    3    1
      1680    1   65  220 2000  1 1
      1755    0
      1754    1   30   25 2000  1 1
*Updated existing node
 1760    3    1
      1875*   1   87 2235 2000  1 1
                                           15
      1756    0
      1755    1   30   25 2000  1 1
*Updated existing node
 1875    3    1                              *A595/Moor Road
      1870*   1   85 1111 2000  1 1  750X 1 1
                                           15
      1760*   1   85 2235 1600  1 1 2000  1 1
                                           15
      1852*  F1   55 1925  750G 1 1  600G 1 1
                                              FF  2.00
*Updated existing node
 1680    3    1                              *Lillyhall/Blackwood Rd
      1759    1   65  220 1600  1 1 2000  1 1
      1685*  F1   40  579  750G 1 1  600G 1 1
                                              FF  2.00
      1670    1   70  279 2000  1 1  750X 1 1
*Updated existing node
 1762    3    1                              *Branthwaite
      1757*   1   40  218 1800  1 1  750X 1 1
                                           16
      1768*   1   50  235 1500  1 1 1800  1 1
                                           16
      1764*  F1   35  165  750G 1 1  600G 1 1
                                              FF  3.00
*
*
*Bridgefoot Roundabout (A66/A595)
 1730    3    1
      1731*   1   87  677 2000  1 1
                                           15
      1732    0
      1735    1   30   25 2000  1 1
 1732    4    1
      1730    2   30   25 1250G 1 1 2500G 1 2
      1736    0
      1733    0
      1735    2   30   25    0  0 0 1880  1 1 1880  2 2
 1733    4    1
      1736    2   30   25 1250G 1 1 2500G 1 2
      1737    0
      1734    0
      1732    2   30   25    0  0 0 3970  1 2 1880  2 2
 1734    4    1
      1737    2   30   25 1250G 1 1 2500G 1 2
      1738    0
      1735    0
      1733    2   30   25    0  0 0 1880  1 1 1880  2 2
 1735    4    1
      1738    2   30   25 1250G 1 1 2500G 1 2
      1730    0
      1732    0
      1734    2   30   25    0  0 0 1880  1 1 1880  2 2
 1736    3    1
      1880*   1   87  195 2000  1 1
                                           15
      1733    0
      1732    1   30   25 2000  1 1
 1737    3    1
      1724*   1   87 1106 2000  1 1
                                           15
      1734    0
      1733    2   30   25 2000  1 2
 1738    3    1
      1864    1   87 1106 2000  1 1
      1735    0
      1734    1   30   25 2000  1 1
*Updated existing node
 1880    3    1
      1736*   1   87  195 1600  1 1 2000  1 1
                                           15
      1882    1   40  555  750G 1 1  600G 1 1
      1870*   1   85 1061 2000  1 1  750X 1 1
                                           15
*Updated existing node
 1724    2    1                              *A66 Climbing Lane East
      1737*   2   85 1106 3000  1 2
                                           15
      1722*   1   85 2176 3000  1 1
                                          141
 1722    2    1                              *A66 Climbing Lane West
      1724*   1   85 2176 2000  1 1
                                           15
      1720*   2   85  681 3000  1 2
                                          141
*Updated existing node
 1864    2    1                              *Main Road, Gt Clifton
      1738    1   87 1106 1800  1 1
      1860    1   40  402 1800  1 1
*Updated existing node
 1731    2    1
      4470*   1   85 3240 2000  1 1
                                           15
      1730*   1   85  677 2000  1 1
                                           15
***************************************************************************************
*****************************Journey Time Distance Changes*****************************
***************************************************************************************
 5340    3    1                              *Middletown
      5330*   1   35  510 1200  1 1 1500  1 1
                                           21
      5350    1   40 1098  600G 1 1  500G 1 1
      5320*   1   50 2491 1500  1 1  600X 1 1
                                           21
 5320    3    1
      5340*   1   50 2491 1200  1 1 1500  1 1
                                           21
      5322    1   30 1435  600G 1 1  500G 1 1
      5310*   1   60  339 1500  1 1  600X 1 1
                                           21
 5310    3    1
      5238*   1   65 2881 1200  1 1 1500  1 1
                                           21
      5264*  F1   50 1085  600G 1 1  500G 1 1
                                              FF  2.00
      5320*   1   60  339 1500  1 1  600X 1 1
                                           21
 5222    2    1
      5220*   1   25  637 1500  1 1
                                           34
      2416*   1   65 2708 1500  1 1
                                           18
 2416    2    1                              *Mirehouse
      5222*   1   65 2708 1800  1 1
                                           21
*JS JT Validation increase speed from 45 to 50
      2415*   1   50   95 1800  1 1
                                           34
 2440    3    1                              *Low Road/Woodhouse Road
*JS JT Validation increase speed from 45 to 50
      2410*   1   50  851 1500  1 1 1800  1 1
                                           34
      2535*  F1   30  445  650G 1 1  500G 1 1
                                              FF  2.00
*JS JT Validation increase speed from 40 to 50
      2450*   1   50  855 1800  1 1  650X 1 1
                                           34
 2450    3    1                              *Meadow Road/Low Road
      2390    1   40  823  650G 1 1  500G 1 1
*JS JT Validation increase speed from 40 to 50
      2440*   1   50  855 1800  1 1  650X 1 1
                                           34
*JS Calibration increase speed from 30 to 50
      2460*   1   50  579 1500  1 1 1800  1 1
                                           34
 2460    3    1                              *Meadow Vw/Ginns to Kells Rd
*JS Calibration increase speed from 30 to 60
      2450*   1   60  579 1500  1 1 1800  1 1
                                           34
*JS Calibration increase speed from 35 to 50
      2470    1   50  671  650G 1 1  500G 1 1
      2270    1   35   50 1800  1 1  650X 1 1
 2780    3    5   10 1800                    *Harras Road/Moresby Park
*JS Calibration Capacity increased for southern approach
      2775*   1   80  457  900  1 1  900  1 1  900  1 1
                                           19
      2950*   1   80  767  900  1 1  900  1 1  900  1 1
                                           16
      2815*   1   45  489 1200  1 1 1200  1 1 1200  1 1
                                           16
 2950    2    1
      2930*   1   35 1428 1500  1 1 1800  1 1
                                           34
      2780*   1   80  767 1800  1 1  650X 1 1
                                           16
 2915    2    1                              *High Lowca
      1840    1   64 3626 1800  1 1
      2910    1   30  911 1800  1 1
 1840    3    1                              *A597/Charity Lane
      2915    1   64 3751  650G 1 1  500G 1 1
      1835    1   55  397 1800  1 1  650X 1 1
      1795    1   55  425 1500  1 1 1800  1 1
 5134    2    1
      5085*   1   50 1426 1800  1 1
                                           37
      5132*   1   40  221 1800  1 1
                                           38
 5085    3    1
      5080*   1   40  236 1500  1 1 1800  1 1
                                           38
      5126*   1   25  200  650G 1 1  500G 1 1
                                           21
      5134*   1   50 1426 1800  1 1  650X 1 1
                                           37
 5116    2    1
      5114*   1   75 1305 1800  1 1
                                           30
      5118*   1   40 1015 1800  1 1
                                           19
 5118    2    1
      5120*   1   55 1950 1800  1 1
                                           17
      5116*   1   40 1015 1800  1 1
                                           19
 4570    3    1
      4560*   1   75  125 1600  1 1 2000  1 1
                                           30
      4572*   1   60 9100  750G 1 1  600G 1 1
                                           21
      4575*   1   75 2942 2000  1 1  750X 1 1
                                           30
 4575    2    1
      4570*   1   75 2942 2000  1 1
                                           16
      5120*   1   75 1610 2000  1 1
                                           30
 6070    3    1
      5125*  F1   5011215  600G 1 1  500G 1 1
                                           21 FF  2.00
      6075*   1   40  114 1800  1 1  600X 1 1
                                           19
      6060*   1   40  317 1500  1 1 1800  1 1
                                           19
 5125    3    1
      5122*   1   25  963 1200  1 1 1500  1 1
                                           19
      6070*  F1   5011215  600G 1 1  500G 1 1
                                           21 FF  1.00
      5126*   1   55 4000 1500  1 1  600X 1 1
                                           21
 5010    3    1
      5012*  F1   30  700  750G 1 1  600G 1 1
                                           19 FF  3.00
      2898*   1   50 1167 1800  1 1  750X 1 1
                                           17
      5015*   1   45  603 1500  1 1 1800  1 1
                                           17
 5012    2    1
      5010*   1   30  700 1500  1 1
                                           19
      5140*   1   45 1371 1500  1 1
                                           19
 5236    2    1
      5230    1   30  433 1500  1 1
      5274    1   60 2547 1500  1 1
 5274    2    1
      5236    1   60 2547 1500  1 1
      5272    1   30  324 1500  1 1
 5224    2    1
      5226    1   45 2405 1500  1 1
      5220    1   25  745 1500  1 1
 5226    2    1
      5160    1   45  540 1500  1 1
      5224    1   45 2405 1500  1 1
 5160    3    1                              *A595 Scalegill Hall
      5162*   1   80  675 1600  1 1 2000  1 1
                                           16
      5226    1   45  540  750G 1 1  600G 1 1
      5150*   1   80  248 2000  1 1  750X 1 1
                                           16
 5150    3    1
      2735*   1   80  322 1600  1 1 1800  1 1
                                           16
      5145*  F1   40  828  750G 1 1  600G 1 1
                                              FF  2.00
      5160*   1   80  248 1800  1 1  750X 1 1
                                           16
 5240    3    1             60               *Main St/Bookwell
      5265*  F1   30  120  650G 1 1  500G 1 1
                                              FF  2.00
      5245    1   30  100 1800  1 1  650X 1 1
      5280    1   35  707 1500  1 1 1800  1 1
 6075    2    1
      6070*   1   40  114 1800  1 1
                                           19
      6080*   1   70 3556 1800  1 1
                                           16
* JS increase speed to 75kph
 6080    4    1
      6075*  1F   70 3556 1500  1 1 1800  1 1  750X 1 1
                                           16 FX  1.00
      7223*  F1   30  189  750G 1 1  600G 1 1  600G 1 1
                                              FF  2.00
      7215*  1F   75 1130 1500  1 1 1800  1 1  750X 1 1
                                           16 FX  1.00
      6090*  F1   75 2670  750G 1 1  600G 1 1  600G 1 1
                                              FF  2.00
**Added Signals to A595 Mirehouse Road
 2720    3    3    3        71               *A595 Mirehouse Road Jct
      2730*  F1   85  863 1690  1 1 1800  1 1
                                           16 FF  6.0
      2430*  F1   48  329 1630  1 1 1800  1 1
                                              FF  4.0
      2715*  1F   55  233 1800  1 1 1730X 1 1
                                           31 FX  9.0
             33    0    4 2715    0 2730    0
             18    7    2 2715    0
             20    6    2 2430    0
 2730    3    3    3        65               *Westlakes Science Park
      2720*  F1   85  863 1700  1 1 1800  1 1
                                           16 FF 10.00
      2731*  F1   35  275 1700  1 1 1700  1 1
                                              FF  7.00
      2735*  1F   85  267 1800  1 1 1500X 1 1
                                           16 FX 10.00
       30<34<45    5    4 2720    0 2735    0
         4<8<12    6    2 2735    0
         5<5<10    7    4 2731    0 2720 2731
*change roundabout gap to improve convergence
 1480    3    5    6 2200   60        15     *Washington St/Harrington Rd
      1020*   1   40  182 1000  1 1 1000  1 1
                                           34  
      1490*   1   40  157 1200  1 1 1200  1 1
                                           34  
      1475    2   35  114 1200  1 1 1200  2 2
 1640    3    1             60               *A596 High St/Newlands Road
      1635*  1F   40  138 1800  1 1  650X 1 1
                                           34 FX  8.00  
      1642*   1   40  109 1500  1 1 1800  1 1
                                           34  
      1580*  F1   40  244  650G 1 1  500G 1 1
                                              FF  1.00
 1720    4    5   12 2400   60        15     *Stainburn School
      1715*   1   40  102 1300  1 1 1300  1 1 1300  1 1
                                           34
      1855    1   35  120 1300  1 1 1300  1 1 1300  1 1
      1722*   1   85  681 1300  1 1 1300  1 1 1300  1 1
                                           49
      1721    1   25  273 1300  1 1 1300  1 1 1300  1 1